1 измерение				2 измерение				3 измерение	
	1000г				1000г				1020 г
3,90373				4,16907				23,57069	
4056	1			4706	1			4504	1
1041	2			823	2			879	2
725	3			737	3			699	3
680	4			652	4			667	4
611	5			584	5			607	5
591	6			593	6			599	6
593	7			574	7			613	7
585	8			579	8			598	8
583	9			594	9			614	9
589	10			593	10			632	10
560	11			607	11			621	11
546	12			611	12			654	12
574	13			597	13			675	13
606	14			620	14			689	14
612	15			644	15			744	15
628	16			658	16			845	16
626	17			654	17			902	17
636	18			695	18			999	18
671	19			701	19			1129	19
668	20			733	20			1272	20
694	21			765	21			1391	21
724	22			766	22			1606	22
721	23			806	23			1839	23
749	24			814	24			2065	24
778	25			843	25			2303	25
782	26			875	26			2602	26
821	27			903	27			2825	27
846	28			906	28			2901	28
869	29			940	29			2711	29
908	30			968	30			2755	30
934	31			994	31			3067	31
976	32			991	32			3222	32
966	33			1022	33			3381	33
997	34			1007	34			3582	34
990	35			1024	35			3485	35
1004	36			1074	36			3659	36
1019	37			1088	37			3906	37
1020	38			1083	38			3932	38
1005	39			1141	39			4061	39
1033	40			1115	40			4188	40
1019	41			1100	41			4128	41
1070	42			1144	42			4208	42
1055	43			1154	43			4537	43
1062	44			1196	44			4541	44
1066	45			1207	45			4738	45
1100	46			1112	46			488	46
1095	47			1143	47			4869	47
1074	48			1183	48			4848	48
1117	49			1166	49			5273	49
1107	50			1158	50			5033	50
1071	51			1170	51			5227	51
1089	52			1165	52			5102	52
1095	53			1132	53			5670	53
1089	54			1155	54			5638	54
1130	55			1161	55			5400	55
1151	56			1140	56			5682	56
1122	57			1200	57			5653	57
1156	58			1213	58			5811	58
1128	59			1187	59			5803	59
1075	60			1201	60			5801	60
1133	61			1207	61			6146	61
1132	62			1188	62			5920	62
1141	63			1198	63			6193	63
1130	64			1195	64			6104	64
1082	65			1164	65			6141	65
1105	66			1233	66			6244	66
1148	67			1227	67			6343	67
1106	68			1173	68			6483	68
1070	69			1231	69			6320	69
1120	70			1191	70			6770	70
1093	71			1190	71			6543	71
1087	72			1236	72			6696	72
1110	73			1196	73			6836	73
1102	74			1224	74			6627	74
1114	75			1240	75			6727	75
1140	76			1192	76			6858	76
1138	77			1217	77			6596	77
1123	78			1215	78			6846	78
1154	79			1186	79			7116	79
1144	80			1198	80			6979	80
1088	81			1231	81			6800	81
1147	82			1213	82			6962	82
1128	83			1165	83			6856	83
1099	84			1248	84			7078	84
1139	85			1232	85			7133	85
1141	86			1233	86			7023	86
1155	87			1262	87			7103	87
1191	88			1219	88			7250	88
1180	89			1223	89			7161	89
1158	90			1258	90			7301	90
1189	91			1243	91			7392	91
1147	92			1243	92			7261	92
1131	93			1246	93			7403	93
1169	94			1244	94			7528	94
1180	95			1255	95			7188	95
1174	96			1275	96			7392	96
1199	97			1258	97			7531	97
1151	98			1255	98			7416	98
1146	99			1288	99			7389	99
1198	100			1248	100			7596	100
1189	101			1253	101			7183	101
1158	102			1323	102			7486	102
1202	103			1256	103			7607	103
1177	104			1246	104			7304	104
1171	105			1305	105			7485	105
1189	106			1275	106			7721	106
1208	107			1296	107			7354	107
1236	108			1310	108			7590	108
1276	109			1278	109			7770	109
1253	110			1244	110			7355	110
1198	111			1296	111			7572	111
1255	112			1330	112			7784	112
1252	113			1314	113			7358	113
1186	114			1309	114			7561	114
1239	115			1252	115			7854	115
1220	116			1240	116			7642	116
1179	117			1313	117			7767	117
1232	118			1310	118			7933	118
1216	119			1274	119			7676	119
1223	120			1312	120			7764	120
1238	121			1278	121			8082	121
1196	122			1310	122			7754	122
1206	123			1327	123			7740	123
1259	124			1302	124			8047	124
1205	125			1267	125			7599	125
1199	126			1325	126			7778	126
1262	127			1287	127			7970	127
1255	128			1268	128			7640	128
1229	129			1314	129			7857	129
1241	130			1319	130			8258	130
1215	131			1320	131			7903	131
1248	132			1388	132			8149	132
1280	133			1380	133			8210	133
1235	134			1309	134			7643	134
1186	135			1355	135			7772	135
1221	136			1354	136			7906	136
1221	137			1324	137			7630	137
1276	138			1330	138			7773	138
1276	139			1263	139			8248	139
1221	140			1281	140			7874	140
1188	141			1325	141			8095	141
1247	142			1292	142			8499	142
1221	143			1296	143			8131	143
1175	144			1301	144			8100	144
1206	145			1304	145			8159	145
1248	146			1338	146			7913	146
1236	147			1322	147			8052	147
1274	148			1318	148			8258	148
1199	149			1330	149			7901	149
1157	150			1344	150			8015	150
1218	151			1315	151			8338	151
1288	152			1315	152			7664	152
1267	153			1359	153			8007	153
1289	154			1322	154			8478	154
1281	155			1311	155			7866	155
1242	156			1348	156			8029	156
1272	157			1321	157			8329	157
1267	158			1307	158			7788	158
1229	159			1354	159			8003	159
1273	160			1324	160			8329	160
1241	161			1306	161			7773	161
1227	162			1352	162			8110	162
1251	163			1283	163			8357	163
1212	164			1310	164			8075	164
1243	165			1342	165			8184	165
1286	166			1336	166			8499	166
1249	167			1327	167			8173	167
1207	168			1359	168			8205	168
1250	169			1316	169			8347	169
1221	170			1288	170			8052	170
1185	171			1330	171			8203	171
1251	172			1314	172			8476	172
1235	173			1290	173			7976	173
1246	174			1364	174			7974	174
1273	175			1322	175			8301	175
1277	176			1305	176			8272	176
1277	177			1364	177			8091	177
1296	178			1358	178			8508	178
1225	179			1324	179			7975	179
1208	180			1350	180			8201	180
1282	181			1320	181			8527	181
1271	182			1316	182			8235	182
1218	183			1343	183			8256	183
1236	184			1325	184			8522	184
1244	185			1319	185			8018	185
1206	186			1323	186			8351	186
1261	187			1301	187			8717	187
1254	188			1325	188			8302	188
1230	189			1366	189			8495	189
1298	190			1317	190			8625	190
1261	191			1273	191			8298	191
1210	192			1335	192			8213	192
1278	193			1344	193			8528	193
1266	194			1342	194			8352	194
1237	195			1358	195			8191	195
1292	196			1323	196			8551	196
1269	197			1328	197			8238	197
1245	198			1355	198			8246	198
1298	199			1328	199			8596	199
1237	200			1330	200			8204	200
1197	201			1416	201			8322	201
1267	202			1382	202			8635	202
1250	203			1315	203			8252	203
1237	204			1350	204			8209	204
1272	205			1328	205			8416	205
1254	206			1327	206			7975	206
1259	207			1364	207			8147	207
1282	208			1399	208			8661	208
1262	209			1359	209			8253	209
1199	210			1406	210			8260	210
1254	211			1397	211			8724	211
1242	212			1382	212			8129	212
1261	213			1356	213			8451	213
1282	214			1344	214			8655	214
1255	215			1328	215			8181	215
1266	216			1349	216			8349	216
1310	217			1350	217			8580	217
1269	218			1352	218			8093	218
1220	219			1373	219			8397	219
1276	220			1346	220			8489	220
1271	221			1304	221			8029	221
1244	222			1338	222			8298	222
1272	223			1350	223			8687	223
1244	224			1387	224			8323	224
1229	225			1367	225			8400	225
1255	226			1362	226			8771	226
1264	227			1371	227			8357	227
1259	228			1381	228			8607	228
1256	229			1368	229			8757	229
1242	230			1306	230			8199	230
1236	231			1331	231			8398	231
1258	232			1328	232			8628	232
1250	233			1326	233			8420	233
1239	234			1373	234			8509	234
1298	235			1343	235			8773	235
1277	236			1352	236			8388	236
1255	237			1371	237			8377	237
1309	238			1338	238			8810	238
1252	239			1342	239			8378	239
1243	240			1365	240			8204	240
1282	241			1339	241			8672	241
1267	242			1352	242			8310	242
1223	243			1370	243			8475	243
1296	244			1355	244			8683	244
1255	245			1336	245			8179	245
1215	246			1370	246			8400	246
1286	247			1348	247			8811	247
1293	248			1316	248			8289	248
1315	249			1356	249			8594	249
1284	250			1328	250			8724	250
1314	251			1295	251			7981	251
1309	252			1330	252			8186	252
1294	253			1339	253			8754	253
1254	254			1350	254			8250	254
1240	255			1377	255			8324	255
1296	256			1365	256			8807	256
1269	257			1393	257			8264	257
1246	258			1399	258			8300	258
1279	259			1378	259			8566	259
1278	260			1366	260			8207	260
1235	261			1381	261			8312	261
1282	262			1385	262			8657	262
1287	263			1362	263			8312	263
1262	264			1413	264			8269	264
1323	265			1388	265			8549	265
1273	266			1358	266			8293	266
1277	267			1366	267			8405	267
1291	268			1348	268			8806	268
1263	269			1322	269			8297	269
1253	270			1373	270			8354	270
1300	271			1338	271			8837	271
1267	272			1323	272			8332	272
1252	273			1373	273			8365	273
1275	274			1358	274			8860	274
1272	275			1342	275			8197	275
1255	276			1388	276			8254	276
1273	277			1370	277			8719	277
1254	278			1345	278			8250	278
1234	279			1401	279			8287	279
1286	280			1360	280			8757	280
1283	281			1327	281			8379	281
1277	282			1390	282			8499	282
1322	283			1367	283			8768	283
1282	284			1356	284			8303	284
1255	285			1430	285			8444	285
1280	286			1387	286			8820	286
1264	287			1365	287			8564	287
1242	288			1373	288			8653	288
1281	289			1341	289			8843	289
1274	290			1354	290			8566	290
1259	291			1401	291			8461	291
1297	292			1345	292			8851	292
1260	293			1310	293			8343	293
1246	294			1356	294			8291	294
1302	295			1375	295			8901	295
1307	296			1354	296			8593	296
1295	297			1361	297			8512	297
1306	298			1353	298			8769	298
1276	299			1364	299			8345	299
1253	300			1403	300			8320	300
1291	301			1374	301			8983	301
1258	302			1370	302			8488	302
1250	303			1385	303			8345	303
1308	304			1333	304			8785	304
1282	305			1322	305			8495	305
1250	306			1387	306			8332	306
1320	307			1366	307			8649	307
1292	308			1329	308			8045	308
1262	309			1353	309			8579	309
1296	310			1371	310			8789	310
1288	311			1349	311			8458	311
1280	312			1396	312			8560	312
1319	313			1393	313			8762	313
1281	314			1302	314			8258	314
1261	315			1357	315			8412	315
1330	316			1340	316			8676	316
1309	317			1353	317			8232	317
1300	318			1422	318			8595	318
1336	319			1395	319			8915	319
1288	320			1356	320			8371	320
1278	321			1400	321			8642	321
1325	322			1379	322			9102	322
1274	323			1344	323			8400	323
1260	324			1386	324			8369	324
1317	325			1411	325			8680	325
1285	326			1377	326			8466	326
1239	327			1420	327			8321	327
1285	328			1394	328			8775	328
1278	329			1352	329			8512	329
1266	330			1396	330			8575	330
